469480411
470591077
472120090
472412070
478281447
479062563
479111242
480651963
481279928
483202193
485341375
485418887
487763531
488257627
490867866
496167397
500438536
503135844
505651209
509565657
511258957
511624628
511818644
512723029
512750028
515140412
515819388
517020627
517370896
519017845
519164544
519179580
521043206
521904323
522150399
522458962
523192177
523224328
523360464
524835474
525144936
525714329
526204849
527539847
529535928
533069056
534242418
535117483
538414249
541006451
541437734
543067367
544829766
546319825
546331419
549331949
549916653
